20
20
1.2
200

6.357525131871782  7.841276284783791  0.2742887696819551
2.9294618591677106  16.81984187556305  0.2736284726541195
16.27897974621597  15.559143066418965  0.28590846122740976
13.074856155005747  6.4353737939083855  0.26380243305762424
10.704148614001717  8.466075975736166  0.28880785565696654
4.746690272391206  9.989977608042407  0.26643205904076156
16.028725328589097  18.606905725028433  0.2806681366054402
9.656921284180518  2.5491426801904558  0.2715891529183405
2.5959831620659757  2.6236239015261296  0.2705187861525847
13.421693266774986  13.139308958041655  0.27820764705991674
13.149586349600993  3.0386890966285596  0.25522751662614795
6.448369068351871  13.59572539302057  0.27284778573871604
2.0834253696679106  16.011286917741113  0.27438915111941475
16.986927217612646  5.66176249056514  0.27451380701609535
8.982729240876935  10.127410560692587  0.263767443488301
12.359505093951288  2.1763283619602127  0.2570756592234028
8.987366750076752  9.165629454398328  0.26684496128538565
11.379923849544202  11.44426046026847  0.25241485144829223
16.18131989061242  2.2445615254123634  0.2721028651872757
1.9883609057598826  17.70045187485748  0.2642871618534033
4.213088713229863  7.235075150078946  0.2833575717893522
16.755321988813435  7.331566150908471  0.2518979464066877
8.14136952912851  2.235857295486161  0.28979735395599804
8.412987380923068  16.73612730805356  0.26783486463602124
13.656068313447353  2.571941752558723  0.27624666576542906
15.04054222884498  7.76852862954274  0.2704187241351964
18.835528724056104  10.711569792537535  0.2550205137275291
3.08243157356202  8.360711857669228  0.255344353407218
17.244470796536696  12.246704058625411  0.2755693081093547
3.2798995847147077  7.046314562284472  0.27679239126438565
18.900326505345  13.834204427512997  0.2647017065686342
16.699693735455405  14.179173750469474  0.25900521247485764
2.8822490101755336  9.11005820336411  0.2892374802177514
14.802299129257367  10.106707623551051  0.27036972009337096
6.4655168301694586  4.009401577600624  0.2703942859557265
4.423436479331273  17.628576219420392  0.2849553158451632
11.905911099503836  16.282324946143383  0.25180957272019494
4.853005713480959  5.240916304861933  0.26120865864026965
1.584860050515604  8.061152053274487  0.27634852226403345
18.262860451994683  16.87587878106238  0.2620687527408261
11.507288058659267  5.3402831103203745  0.26285827367940945
15.497268853740932  2.085267775813453  0.25454746254028976
9.738121908532973  11.958162692768738  0.287776377233427
11.596571499691247  7.220483183128394  0.2805861800930589
14.696007319185952  2.748351216285553  0.28949808571350627
13.997221542825566  8.180645688079812  0.2816233180698938
8.608221806552393  6.462103961783437  0.26092090052465244
1.5399867646183591  15.191332438567759  0.25847011147261245
18.15779417890915  18.725694604162438  0.25462247645940983
9.392628383132028  18.337104591820477  0.2540380846035834
10.472735967603706  14.962835450251687  0.25924992112018524
5.586868171199541  13.553596685549648  0.27338781976256493
19.168893901271854  5.850198410221974  0.27266868936572974
7.483558955799749  6.880723659136018  0.2746452145290863
18.474316932561877  17.554839200148002  0.27952173963927485
7.5460344557516486  17.29022498242724  0.2868732819023107
10.3829020401645  6.837836384473393  0.27956914180435855
14.45545450988274  18.123404162343167  0.2895027237551495
9.664134486495625  13.96448983021652  0.2684626755581144
17.350692590019886  18.680437664304367  0.2772273164467908
4.900996998081467  18.66689165807793  0.27381549457453963
6.579552883928135  8.906650415963224  0.2686489084489774
17.676946979228195  2.822524748231552  0.28382091591566205
14.757742616944112  16.924622931967022  0.25770581801643144
17.485824236775432  15.2390518264174  0.28670974240358155
10.838443332642864  3.5183182819588525  0.28661064966136174
13.537712121120029  16.902434144858905  0.28561727225206784
3.7993344485671146  13.468067781072822  0.2851194044572479
18.840645280657995  11.404919903259817  0.2679272417644158
15.18279212383882  14.178855829542158  0.25984184221374296
13.887338246262647  9.381395176464626  0.2528247010801058
10.79780332449084  9.630550106403778  0.2847985404130754
5.170352408918852  11.82930954052344  0.2664279919106567
15.54867830403865  16.418647893199868  0.26313185130170863
14.451934633301917  15.064242257568761  0.2893874414373204
17.014352847298913  11.26698470076431  0.2678815731631571
11.732312066257029  14.644301401362915  0.26314036949115255
15.551363084290934  6.352631923953409  0.2639536631619742
12.930100155201186  9.320624235093776  0.25426091275158796
16.694425936429713  4.866146352349588  0.2806132241512822
13.731661141450978  18.23719251022172  0.28795941502006445
9.37521679994773  8.195929554430712  0.27813166066320066
9.067065124935608  3.416202159452422  0.26805457299075125
7.834528764417883  15.965773040279979  0.28036031823197594
8.774719506018904  1.88700093240086  0.2891193361149466
17.893017644842697  4.161450284151753  0.27679736015158385
16.048870467502464  10.458598442397937  0.2717212984277585
3.393058340575866  12.380614297967073  0.27102435461584834
10.610632455939024  17.270930046691586  0.28453486711577936
7.148894428842429  8.045028973948789  0.253193710765362
15.98395394158415  13.978559511427651  0.28680906053495925
10.941149279445906  18.643523865400148  0.25341564799458255
7.405025660756124  15.571126242416248  0.288497104762455
16.640832126902552  3.4254970500956166  0.28554756054129643
14.54440184739437  4.777548040771107  0.27470190815109735
9.86000150506675  6.110212364554626  0.2835031903645849
0.9992359347131391  7.183993435806666  0.28868404749403787
5.64286979673049  12.326345067044567  0.2822527522117417
1.7848102128616077  10.380677692179729  0.2711545406441633
19.01888226467061  12.063184834665716  0.26802375640367704
3.5635510774237993  2.8444800101526564  0.25520657300673555
13.641958466992907  15.892871644385131  0.2610916885276717
16.50232496935845  8.128689804365246  0.25490980535871205
5.993485141727986  16.49533560666357  0.251236043063841
17.88429911353605  7.198253588464541  0.2837519988044542
8.181573759758702  18.76586568725007  0.2803928588745588
1.043024135701394  7.784341257643791  0.2641286286474262
11.635555138037981  12.796860255808541  0.27931403567987334
14.152101498600164  17.3006472495777  0.27170277797249465
15.678128365360344  17.455516136656264  0.26225559626144757
15.89980970251301  12.25007460753357  0.27346070513141535
7.4600663302257315  5.572884028888096  0.2613406278752415
19.02224181915586  17.782437661711878  0.2563223001408364
5.48893718025008  8.743502024045489  0.27187378183776606
1.1679533871155536  5.617317659942511  0.25751560945125396
1.3988247806270175  13.853965225500419  0.2564046714875577
12.1982215175582  15.197291284505706  0.26694335104215144
17.32497391236683  6.245127236793938  0.2512564375941138
5.614914463866996  5.094010564477293  0.2878464758079551
7.675247693196497  14.511022290115493  0.2602465943950548
9.715221199377293  7.69081330978789  0.2752445476989479
1.7192939046666122  7.3319635967061  0.2530234225433118
9.473177485684843  15.955550896615364  0.2684084893247504
1.5186596053833852  16.787327926777213  0.2820869109897024
6.196789292501825  18.857434408250548  0.2610817344297315
16.190109690012147  14.724680050701183  0.2709890482243082
5.0930734196309775  9.50550702465196  0.27228266400412
7.627700471104025  10.878601912049112  0.2684229143502031
17.31644516944082  3.6425229422844256  0.27088671190678826
2.3553207573292356  11.020705943621287  0.2793677158581454
3.756839378487933  9.02236343968611  0.28318387358783914
8.861894168989975  14.040504960417127  0.25468961014571684
1.1328260424187842  4.045711462186332  0.26753519518288843
12.927675588335115  10.062076187230566  0.2639121009035583
12.546028446212457  7.86671202434402  0.27506280195668764
7.300026225192667  4.405410299914401  0.265685847998748
2.035750486888334  18.87331345423593  0.26575680067857055
3.972602000731589  12.154751753862685  0.2712769583807139
2.4813220666446414  1.531553986591298  0.2711246986823618
9.111913315619834  16.536236169301432  0.271926817839896
7.999559313224095  13.512800612602266  0.25355629911457606
15.51273487504179  7.367367694714126  0.2787588207763828
13.074605593933416  5.759898506851795  0.2832116970933678
12.612883144460849  8.768054884881305  0.2736605788161351
4.493059726992469  11.84206210183535  0.2896852720976842
8.2561528818666  11.481190570651293  0.2583973238599949
8.983227358983616  11.874811481661773  0.2689862683596251
1.3090144134867576  18.319830260065697  0.2745256248009023
14.649392961912712  7.177934596750648  0.2566613937523115
12.696277846817075  16.720192477423936  0.2775500757870888
18.931560090875088  16.84441993835501  0.27257516825065325
17.46937872021981  16.633303300909077  0.2632393513928849
4.304355776515991  3.1286878118417736  0.2871975857286737
17.153366922708273  10.61604419439486  0.28598010683578773
16.091859630426875  16.239919351267837  0.28093720001125366
10.495366830633676  2.106957741720638  0.25876543593493234
7.843224561944754  4.604450537068561  0.2640735440905141
3.6593947536892135  3.6212431396204314  0.28483375323711124
3.8561523796969635  12.818618174927693  0.2689381730365912
5.702087406352029  2.9516612279228553  0.2511393564126093
12.146701647200658  18.223562733082662  0.27751665402331854
16.805344921127638  16.572675642797623  0.28306245207976705
8.429370613856975  3.9165382638993496  0.28840312376674776
1.351774464512074  13.151561616017407  0.27749746659582736
7.398843724716117  2.9574476987345717  0.2634522439038552
0.9388654142731407  9.95101868652387  0.28857732694389604
8.706803621571986  5.339984770552084  0.2536543520099021
10.833694965420275  17.944700419477595  0.2648093092843175
6.614231277733292  10.93366023757802  0.2578304232466701
14.532199747336799  9.363601577293535  0.2834175913657312
12.359091839019346  11.674235322499909  0.27602115970563534
1.7893082800347686  8.656058787404284  0.27016536017917586
15.668480601362818  1.4692470284772658  0.2526448528038296
13.770415517315152  12.486492455381045  0.2707274662848647
7.20820094104283  13.51610222351698  0.26688789228859766
2.36305837581791  14.455901364178152  0.2832784229024028
5.153983533620455  7.905079826167592  0.2602766566792281
7.575167828526311  9.107493704367236  0.2618892681477756
6.674402296840649  2.7918545780585773  0.27478314952259686
7.989005271108119  3.420537363734388  0.2719372780620864
18.240719013900474  9.754641371891164  0.28376712267146065
6.4069451587758275  4.937773289204589  0.2738245296924073
18.515579000990858  12.887249413847684  0.2665877375148619
13.862943575591576  19.195034085989636  0.28524195672082486
18.320951291029626  6.467556308606463  0.26115574385734264
8.833947257519075  10.846662538265873  0.2806440816462774
1.0167036537348375  15.337641546987044  0.2724089687278538
19.13650744798551  7.531812978715185  0.26836909583920104
2.178028094034629  15.218394605157481  0.28301099980529193
11.807670710685  4.170395809037771  0.2760243672084197
10.294083429137514  3.4539668151723655  0.255604183842987
12.172048377887501  15.769437819623128  0.27764647776800966
18.187508754641055  8.287528571051332  0.25549877501778834
1.8610606301405963  4.2611561227785  0.28356679530862927
2.51050895222671  18.176754614501494  0.26527583829260226
4.3216635288512  5.329836877259007  0.266446388760563
4.912718508046035  6.039210775280645  0.2877340740574156
4.923742540583314  8.424481500648495  0.26348071479901003
10.053853620330413  17.422433963159254  0.28017175153458834
3.9226513368065095  9.587825841616226  0.2719377250030982
